All ready to start

----------------------
Round #1
Total: 70
Dead: 0
Last round: 0
Alive (70):
15810	15808	15807	15805	15804	15802	15801	15799	15798	15795	15794	15792	15791	15788	15787	15785	15784	15782	15781	15778	15777	15775	15774	15772	15771	15769	15768	15766	15765	15764	15762	15761	15759	15758	15756	15755	15753	15752	15749	15748	15746	15745	15743	15742	15739	15738	15736	15735	15732	15731	15729	15728	15726	15725	15722	15721	15718	15717	15715	15714	15713	15710	15709	15706	15705	15702	15701	15698	15697	15696	
----------------------
15778->15765
15715->15799
----------------------

Dump:
 * Pids: 
15810	15808	15807	15805	15804	15802	15801	15799	15798	15795	
15794	15792	15791	15788	15787	15785	15784	15782	15781	15778	
15777	15775	15774	15772	15771	15769	15768	15766	15765	15764	
15762	15761	15759	15758	15756	15755	15753	15752	15749	15748	
15746	15745	15743	15742	15739	15738	15736	15735	15732	15731	
15729	15728	15726	15725	15722	15721	15718	15717	15715	15714	
15713	15710	15709	15706	15705	15702	15701	15698	15697	15696	
 * Status: 
3	7	7	7	7	3	3	7	7	3	
3	3	7	7	7	7	7	7	7	7	
3	3	7	7	3	3	3	3	7	7	
3	3	7	3	3	7	3	3	3	3	
3	7	3	7	7	7	7	7	3	3	
7	3	7	7	7	7	3	7	7	7	
7	7	3	7	7	3	7	7	7	3	
 * Targets: 
59	4	54	64	16	13	59	54	53	66	
61	64	3	19	19	58	23	1	22	28	
15	1	17	12	57	60	12	67	47	14	
28	15	12	16	29	14	35	46	53	3	
32	8	41	63	32	28	44	59	18	44	
67	28	41	17	43	58	46	45	7	13	
16	63	52	50	45	44	68	55	2	61	
----------------------

----------------------
Round #2
Total: 70
Dead: 41
Last round: 41
Alive (29):
15810	15802	15801	15795	15794	15792	15777	15775	15771	15769	15768	15766	15762	15761	15758	15756	15753	15752	15749	15748	15746	15743	15732	15731	15728	15718	15709	15702	15696	
----------------------
15802->15696
15752->15748
15795->15753
15794->15752
15792->15810
15756->15696
15749->15762
15718->15795
15728->15718
15753->15709
15777->15762
15696->15702
15748->15792
15801->15718
15746->15762
----------------------

Dump:
 * Pids: 
15810	15808	15807	15805	15804	15802	15801	15799	15798	15795	
15794	15792	15791	15788	15787	15785	15784	15782	15781	15778	
15777	15775	15774	15772	15771	15769	15768	15766	15765	15764	
15762	15761	15759	15758	15756	15755	15753	15752	15749	15748	
15746	15745	15743	15742	15739	15738	15736	15735	15732	15731	
15729	15728	15726	15725	15722	15721	15718	15717	15715	15714	
15713	15710	15709	15706	15705	15702	15701	15698	15697	15696	
 * Status: 
7	15	15	15	15	3	7	15	15	7	
7	7	15	15	15	15	15	15	15	15	
3	7	15	15	3	3	3	7	15	15	
7	3	15	3	7	15	7	7	7	7	
3	15	7	15	15	15	15	15	3	3	
15	3	15	15	15	15	7	15	15	15	
15	15	7	15	15	7	15	15	15	7	
 * Targets: 
37	4	54	64	16	69	56	54	53	36	
37	0	3	19	19	58	23	1	22	28	
30	65	17	12	34	27	10	36	47	14	
6	6	12	34	69	14	62	39	30	11	
30	8	11	63	32	28	44	59	0	38	
67	56	41	17	43	58	9	45	7	13	
16	63	42	50	45	21	68	55	2	65	
----------------------

----------------------
Round #3
Total: 70
Dead: 59
Last round: 18
Alive (11):
15802	15777	15771	15769	15768	15761	15758	15746	15732	15731	15728	
----------------------
15777->15802
15761->15728
15758->15771
15768->15771
15746->15732
15769->15771
15728->15761
15731->15802
----------------------

Dump:
 * Pids: 
15810	15808	15807	15805	15804	15802	15801	15799	15798	15795	
15794	15792	15791	15788	15787	15785	15784	15782	15781	15778	
15777	15775	15774	15772	15771	15769	15768	15766	15765	15764	
15762	15761	15759	15758	15756	15755	15753	15752	15749	15748	
15746	15745	15743	15742	15739	15738	15736	15735	15732	15731	
15729	15728	15726	15725	15722	15721	15718	15717	15715	15714	
15713	15710	15709	15706	15705	15702	15701	15698	15697	15696	
 * Status: 
15	15	15	15	15	7	15	15	15	15	
15	15	15	15	15	15	15	15	15	15	
3	15	15	15	7	7	7	15	15	15	
15	7	15	3	15	15	15	15	15	15	
3	15	15	15	15	15	15	15	7	3	
15	7	15	15	15	15	15	15	15	15	
15	15	15	15	15	15	15	15	15	15	
 * Targets: 
37	4	54	64	16	48	56	54	53	36	
37	0	3	19	19	58	23	1	22	28	
5	65	17	12	26	24	24	36	47	14	
6	51	12	24	69	14	62	39	30	11	
48	8	11	63	32	28	44	59	25	5	
67	31	41	17	43	58	9	45	7	13	
16	63	42	50	45	21	68	55	2	65	
----------------------

----------------------
Round #4
Total: 70
Dead: 66
Last round: 7
Alive (4):
15777	15758	15746	15731	
----------------------
15731->15746
15746->15758
----------------------

Dump:
 * Pids: 
15810	15808	15807	15805	15804	15802	15801	15799	15798	15795	
15794	15792	15791	15788	15787	15785	15784	15782	15781	15778	
15777	15775	15774	15772	15771	15769	15768	15766	15765	15764	
15762	15761	15759	15758	15756	15755	15753	15752	15749	15748	
15746	15745	15743	15742	15739	15738	15736	15735	15732	15731	
15729	15728	15726	15725	15722	15721	15718	15717	15715	15714	
15713	15710	15709	15706	15705	15702	15701	15698	15697	15696	
 * Status: 
15	15	15	15	15	15	15	15	15	15	
15	15	15	15	15	15	15	15	15	15	
7	15	15	15	15	15	15	15	15	15	
15	15	15	7	15	15	15	15	15	15	
7	15	15	15	15	15	15	15	15	7	
15	15	15	15	15	15	15	15	15	15	
15	15	15	15	15	15	15	15	15	15	
 * Targets: 
37	4	54	64	16	48	56	54	53	36	
37	0	3	19	19	58	23	1	22	28	
49	65	17	12	26	24	24	36	47	14	
6	51	12	20	69	14	62	39	30	11	
33	8	11	63	32	28	44	59	25	40	
67	31	41	17	43	58	9	45	7	13	
16	63	42	50	45	21	68	55	2	65	
----------------------
Game is over!
No shooter is alive

